{"object":{"uuid":"B0A8CA68-B74E-4374-AAE3-2589FEE30202","objectType":"Scene","name":"Portal Gun","matrix":[1,0,0,0,0,1,0,0,0,0,1,0,0,0,0,1],"layers":1,"children":[{"uuid":"717263FF-85D0-4879-B2B7-7C7F283D6192","objectType":"EmptyObject","name":"Empty Object 4","matrix":[-1,0,-1.2246467991473532e-16,0,0,1,0,0,1.2246467991473532e-16,0,-1,0,-839.9082207794245,754.7955402526028,306.20473274905635,1],"layers":1,"hiddenMatrix":[0.23292240607558565,0,0,0,0,0.23297872340425535,0,0,0,0,0.23269689737470167,0,681.6350109161087,-157.49243765305164,1038.9402763731491,1],"interaction":{"uuid":"98C887A1-6AE2-4406-A2DF-8D36CFBA0557","events":[{"type":9,"ui":{"isCollapsed":false},"distance":30,"targets":[{"easing":4,"duration":1000,"delay":0,"cubicControls":[0.5,0.05,0.1,0.3],"springParameters":{"mass":1,"stiffness":80,"damping":10,"velocity":0},"object":"717263FF-85D0-4879-B2B7-7C7F283D6192"}]}]},"enableHelper":true},{"uuid":"3E7984B0-F284-4F01-B9D3-B04CF7D364B6","objectType":"EmptyObject","name":"Empty Object 6","matrix":[0.838670567945424,0,-0.5446390350150271,0,0,1,0,0,0.5446390350150271,0,0.838670567945424,0,92.6998915933639,-38.57625385358695,1209.931937457084,1],"layers":1,"children":[{"uuid":"5552E289-194C-41FD-8A46-6731C070CFAC","objectType":"Mesh2D","name":"Ellipse","matrix":[0.7880107536067251,2.220446049250322e-16,0.6156614753256606,0,-0.28903555496820443,-0.8829475928589293,0.36994863998783634,0,0.5435968176547684,-0.469471562785893,-0.6957721980440079,0,1392.843686375937,-173.2135471352554,-3401.676945260565,1],"castShadow":true,"receiveShadow":true,"layers":1,"hiddenMatrix":[-0.23292240607558565,0,-2.849715105414485e-17,0,0,0.23297872340425535,0,0,2.85247679050166e-17,0,-0.23269689737470167,0,268.9767610721076,-34.036789859320365,-725.4895116063162,1],"interaction":{"uuid":"1EC5C412-0964-4EBB-B9F9-3855458CEECC"},"geometry":"0454B83B-0506-4A41-B3CC-DD6327305036","material":"2DF836AC-D64F-4F78-B507-9E0E18FCF67A"},{"uuid":"1B4EA7A1-AB7A-45C9-B6B4-05533152F883","objectType":"Mesh3D","name":"Torus","matrix":[-0.7880107536067273,4.1633363423443666e-16,-0.615661475325663,0,-0.326250876021305,-0.8480480961564341,0.41758207875913006,0,0.522110542026784,-0.5299192642332067,-0.6682710193469749,0,1383.8668922453044,-174.25910960975085,-3399.3304322935433,1],"castShadow":true,"receiveShadow":true,"layers":1,"hiddenMatrix":[-0.23292240607558565,0,-2.849715105414485e-17,0,0,0.23297872340425535,0,0,2.85247679050166e-17,0,-0.23269689737470167,0,268.9767610721076,-34.036789859320365,-725.4895116063162,1],"interaction":{"uuid":"A467F802-7784-48BD-8F3C-C3F7C4AD22A8"},"geometry":"7B1DBFFC-4B96-4CA0-B6DB-A4A7AF4ED85F","material":"849B078A-5C76-4818-8747-1851E4FAA53B"},{"uuid":"790627A6-5583-49A0-9190-814E5B04DFC0","objectType":"Mesh3D","name":"Cylinder 10","matrix":[4.440892098500626e-16,1,-3.885780586188048e-16,0,-0.6156614753256581,6.661338147750938e-16,0.7880107536067219,0,0.788010753606722,-1.6653345369377348e-16,0.6156614753256582,0,1411.2212996446474,-16.956532956473723,-3450.9308435687,1],"castShadow":true,"receiveShadow":true,"layers":1,"hiddenMatrix":[-0.23292240607558565,0,-2.849715105414485e-17,0,0,0.23297872340425535,0,0,2.85247679050166e-17,0,-0.23269689737470167,0,268.9767610721076,-34.036789859320365,-725.4895116063162,1],"interaction":{"uuid":"BF31B651-3E69-440E-809A-D81F4004E531"},"geometry":"CC9F96E1-C478-4000-988C-28BFF5E96A44","material":"E53519D4-9BA2-4136-8FE3-7F252B494086"},{"uuid":"0F45CFC2-C6C7-46C8-A289-8D9B65FD39E0","objectType":"Mesh3D","name":"Sphere copy","matrix":[-0.8485809805301331,-0.0008205615518296904,0.5290648789716225,0,0.22780676337834493,0.9019830684081686,0.366784163867618,0,-0.4775085319045102,0.4317706231133894,-0.7652187471401067,0,3044.062712096846,192.85020739931952,-3348.683322531791,1],"castShadow":true,"receiveShadow":true,"layers":1,"hiddenMatrix":[-0.23292240607558565,0,-2.849715105414485e-17,0,0,0.23297872340425535,0,0,2.85247679050166e-17,0,-0.23269689737470167,0,666.5395888031364,-53.12042440501253,-674.7978241211239,1],"interaction":{"uuid":"380B63E7-C8FE-4363-AF2F-977C3C0BFD81"},"geometry":"90A55037-6545-4C68-B3A8-DF46D7247845","material":"4EB4A369-FA3A-4465-A88C-F578F9283261"},{"uuid":"5D8AEAC7-681C-4777-A167-C961CB7C0873","objectType":"Mesh3D","name":"Sphere 11","matrix":[-0.8485809805301332,-0.0008205615518296488,0.5290648789716225,0,0.22780676337834488,0.9019830684081684,0.3667841638676179,0,-0.4775085319045101,0.4317706231133893,-0.7652187471401067,0,1541.9961841915583,117.51000786970587,-3406.5358366919713,1],"castShadow":true,"receiveShadow":true,"layers":1,"hiddenMatrix":[-0.23292240607558565,0,-2.849715105414485e-17,0,0,0.23297872340425535,0,0,2.85247679050166e-17,0,-0.23269689737470167,0,268.9767610721076,-34.036789859320365,-725.4895116063162,1],"interaction":{"uuid":"6DFD90A5-6566-49E5-A5B1-4EF36151A0A7"},"geometry":"441D6680-82F5-46C7-81B2-4426C554B183","material":"9711E4A3-4171-4631-A1AC-C0A38D79E355"},{"uuid":"680385A7-9423-4345-8AA2-DA8711F261CB","objectType":"Mesh3D","name":"Sphere 10","matrix":[-0.5000000000000007,0,-0.8660254037844379,0,0,0.9999999999999982,0,0,0.8660254037844406,0,-0.5000000000000022,0,1518.274170559996,117.5100078697057,-3356.7157945348617,1],"castShadow":true,"receiveShadow":true,"layers":1,"hiddenMatrix":[-0.23292240607558565,0,-2.849715105414485e-17,0,0,0.23297872340425535,0,0,2.85247679050166e-17,0,-0.23269689737470167,0,268.9767610721076,-34.036789859320365,-725.4895116063162,1],"interaction":{"uuid":"3AC4E651-F6DC-49E1-88CE-5EF483D2FB54"},"geometry":"8EF5B5B9-00CA-4A9C-8AEA-B80033DC5A85","material":"28409ED6-C7BA-48E0-ADC8-342118CEFBCD"},{"uuid":"23E19E5D-0DE1-4511-BDFD-49D20E5EF4C4","objectType":"Mesh3D","name":"Sphere 9","matrix":[-0.9134099451183763,0.005535802977304855,-0.4070032273142817,0,-0.03442962623288619,0.9952733396683253,0.09080517707113031,0,0.4055821408744585,0.09695532079701515,-0.9089019709368245,0,1307.6634048915203,112.08050990507303,-3534.5673477088726,1],"castShadow":true,"receiveShadow":true,"layers":1,"hiddenMatrix":[-0.23292240607558565,0,-2.849715105414485e-17,0,0,0.23297872340425535,0,0,2.85247679050166e-17,0,-0.23269689737470167,0,268.9767610721076,-34.036789859320365,-725.4895116063162,1],"interaction":{"uuid":"248CC504-F748-4ABC-ACE4-7AAE84C05950"},"geometry":"4A921268-C6BF-44EE-B096-BBBE7088EE68","material":"B06DE9E4-EA6C-4302-B2EE-4FDFA96D8109"},{"uuid":"85AE8316-3211-433D-9EE7-F7A426D9C20A","objectType":"Mesh3D","name":"Sphere 7","matrix":[-0.6579539662782219,-0.6729632485189264,-0.3379601225020644,0,0.6306055544536848,-0.7376712452159372,0.24120068132932368,0,-0.4116226584517882,-0.05442058548401162,0.9097280840584502,0,822.6468159190871,84.07151491317819,-3334.73009329994,1],"castShadow":true,"receiveShadow":true,"layers":1,"hiddenMatrix":[-0.23292240607558565,0,-2.849715105414485e-17,0,0,0.23297872340425535,0,0,2.85247679050166e-17,0,-0.23269689737470167,0,268.9767610721076,-34.036789859320365,-725.4895116063162,1],"interaction":{"uuid":"9894F0E2-FC12-4C96-B5EB-A0EFF7A1DD85"},"geometry":"F7797C56-45CF-429B-8BE3-986BF1EFF608","material":"97833525-58F3-4B62-A573-D1D580BFB977"},{"uuid":"4BC14CCB-626F-4D1D-B2A2-4FAF749B2508","objectType":"Mesh3D","name":"Sphere 6","matrix":[0.8939487203316278,-0.2182690466511315,0.39142599388830923,0,0.17726384985813567,0.9743700647852352,0.13849369799340627,0,-0.4116226584517875,-0.05442058548401171,0.9097280840584511,0,1436.4892277731187,85.95330294683833,-2850.0110690277183,1],"castShadow":true,"receiveShadow":true,"layers":1,"hiddenMatrix":[-0.23292240607558565,0,-2.849715105414485e-17,0,0,0.23297872340425535,0,0,2.85247679050166e-17,0,-0.23269689737470167,0,268.9767610721076,-34.036789859320365,-725.4895116063162,1],"interaction":{"uuid":"313D813F-F9A4-434B-A53D-ADA7AA059839"},"geometry":"1C3A68EA-6776-4F33-85EC-CF9ADFDC52D9","material":"FBF87F65-69A2-4922-80D3-B4C7B2B79D3C"},{"uuid":"4B20A3FD-5507-4EA9-82F5-DFF5506CC174","objectType":"Mesh3D","name":"Sphere 5","matrix":[0.5785325452656865,0.34202014332566877,-0.7404878902641797,0,-0.2105686260309742,0.9396926207859084,0.2695155508907393,0,0.7880107536067222,-2.7755575615628914e-17,0.615661475325658,0,1135.0772017616086,293.3306116020397,-3097.4825162037982,1],"castShadow":true,"receiveShadow":true,"layers":1,"hiddenMatrix":[-0.23292240607558565,0,-2.849715105414485e-17,0,0,0.23297872340425535,0,0,2.85247679050166e-17,0,-0.23269689737470167,0,268.9767610721076,-34.036789859320365,-725.4895116063162,1],"interaction":{"uuid":"185C578D-9A7A-40B4-B84D-8AE551AA3B79"},"geometry":"8D15C0A6-C333-42BA-9321-09964384630D","material":"1D48EB24-398F-4889-BBDD-9E700C9694FF"},{"uuid":"AA07296A-FFC6-41F1-9FA8-2AEBAD8378CD","objectType":"Mesh3D","name":"Sphere 4","matrix":[0.6156614753256582,0,-0.7880107536067221,0,0,1,0,0,0.7880107536067221,0,0.6156614753256582,0,1176.474695709543,84.07151491317819,-3152.9052960444455,1],"castShadow":true,"receiveShadow":true,"layers":1,"hiddenMatrix":[-0.23292240607558565,0,-2.849715105414485e-17,0,0,0.23297872340425535,0,0,2.85247679050166e-17,0,-0.23269689737470167,0,268.9767610721076,-34.036789859320365,-725.4895116063162,1],"interaction":{"uuid":"9A3997EB-E2F0-4457-B342-5086F203C328"},"geometry":"E4606700-8A17-40CC-882B-4F6874CC509E","material":"B2B80200-D400-4A04-AA34-37F4B44B062A"}],"hiddenMatrix":[1,0,0,0,0,1,0,0,0,0,1,0,0,0,0,1],"interaction":{"uuid":"6CE1484C-478A-44DE-B125-5E4BD5F02EFE","selectedState":1,"states":["F4366634-9070-4092-A4C6-ADD4C0A535A6","F9DD6B8E-FAAD-4BD5-8DDD-C2BC5D3354C6","A69539BE-0C0B-49AD-9FB6-6D7CCA986DB4"],"events":[{"type":7,"ui":{"isCollapsed":false},"targets":[{"easing":4,"duration":2000,"delay":2000,"cubicControls":[0.5,0.05,0.1,0.3],"springParameters":{"mass":1,"stiffness":80,"damping":10,"velocity":0},"repeat":true,"cycle":true,"object":"3E7984B0-F284-4F01-B9D3-B04CF7D364B6","state":"F9DD6B8E-FAAD-4BD5-8DDD-C2BC5D3354C6"}]}]},"enableHelper":true},{"uuid":"CD98CF25-3024-41D8-9AC7-7D103D6DB456","objectType":"Mesh2D","name":"519-5195253_kingsglass-green-portal-title-kingsglass-green-rick-and-removebg-preview","matrix":[0.7880107536067215,-7.539678551159049e-17,0.6156614753256585,0,0,-0.9999999999999996,-1.2246467991473527e-16,0,0.6156614753256585,9.65034847098165e-17,-0.7880107536067213,0,-2511.177453142966,491.9837073928578,708.7762890557287,1],"castShadow":true,"receiveShadow":true,"layers":1,"hiddenMatrix":[0.23292240607558565,0,0,0,0,0.23297872340425535,0,0,0,0,0.23269689737470167,0,681.6350109161087,-157.49243765305164,1038.9402763731491,1],"interaction":{"uuid":"CC4EA220-0540-4D74-BF6B-A98B47E451DB","selectedState":0,"states":["D586AB28-0505-451E-946A-675C8626B501","DDCAF6E1-5C74-48B9-91D6-9530254BC31B"],"events":[{"type":7,"ui":{"isCollapsed":false},"targets":[{"easing":0,"duration":3000,"delay":0,"cubicControls":[0.5,0.05,0.1,0.3],"springParameters":{"mass":1,"stiffness":80,"damping":10,"velocity":0},"repeat":true,"object":"CD98CF25-3024-41D8-9AC7-7D103D6DB456","state":"DDCAF6E1-5C74-48B9-91D6-9530254BC31B"}]}]},"geometry":"3D3B505A-0182-4103-944B-CAD3E61E76A3","material":"8F977C90-EAE0-4E33-871B-B50087845B70"},{"uuid":"5FC73517-E87D-45B4-B863-763F9E0603C4","objectType":"EmptyObject","name":"Empty Object 5","matrix":[0.6156614753256582,0,-0.7880107536067221,0,0,1,0,0,0.7880107536067221,0,0.6156614753256582,0,-4025.9602007949175,326.67844950804937,2719.4001519197054,1],"layers":1,"children":[{"uuid":"7289CC4A-84E3-4360-8ACD-20EFB0EB7F57","objectType":"Mesh3D","name":"Cylinder 9","matrix":[1,0,0,0,0,-1,0,0,0,0,1,0,679.5,342.74086041799274,321.5,1],"castShadow":true,"receiveShadow":true,"layers":1,"hiddenMatrix":[1,0,0,0,0,1,0,0,0,0,1,0,-458.1312632534776,-54.353851724821425,-331.5594094693395,1],"interaction":{"uuid":"2177B928-AB1C-422A-A52E-AF7161E28F6A"},"geometry":"BFCEBA83-4B83-4D73-B981-6E6D2099058E","material":"76EE9E02-7011-4AC9-A252-E7BA2B4D98E5"},{"uuid":"F1B59844-AB0F-42AC-AA6E-8B9DFF5FEFCE","objectType":"Mesh3D","name":"Cylinder 8","matrix":[1,0,0,0,0,-1,0,0,0,0,1,0,679.536770315231,203.70654696054908,324.4771788154173,1],"castShadow":true,"receiveShadow":true,"layers":1,"hiddenMatrix":[1,0,0,0,0,1,0,0,0,0,1,0,-458.1312632534776,-54.353851724821425,-331.5594094693395,1],"interaction":{"uuid":"B710B808-3C58-4ED8-9532-6ADBB83C275F"},"geometry":"AB65EE3B-423E-4DD5-B7D7-FB1574FAA3FA","material":"18325179-8664-4C2D-A14F-05E4CA7DD22C"},{"uuid":"25D844B2-73FE-499A-A543-DF9A15AC480A","objectType":"EmptyObject","name":"Empty Object 3","matrix":[-5.3464196023915424e-18,0.024078133329096866,0,0,1.0782483920657222,2.3941923822728355e-16,0,0,0,0,0.8249515038960508,0,49.520948031837776,52.65999621324973,153.14058316035616,1],"layers":1,"hiddenMatrix":[1,0,0,0,0,1,0,0,0,0,1,0,-458.1312632534776,-54.353851724821425,-331.5594094693395,1],"interaction":{"uuid":"8F1CB9D8-5062-4FFA-9CA2-BD4C9BA0E7F8"},"enableHelper":true},{"uuid":"5DDFE203-2370-41D3-8CD3-8F761FA286B5","objectType":"Mesh3D","name":"Cube copy","matrix":[2.220446049250313e-16,-1,-2.220446049250313e-16,0,0,2.220446049250313e-16,-1,0,1,2.220446049250313e-16,0,0,166.75700852808836,75.61779022258682,73.007450708068,1],"castShadow":true,"receiveShadow":true,"layers":1,"hiddenMatrix":[-1.586283326934157e-17,0.07142704415090158,0,0,3.199164251646701,7.102298282720257e-16,0,0,0,0,2.4525305071736647,0,-342.3304734496404,139.54005205203802,-395.5404461596252,1],"interaction":{"uuid":"2AB28FD6-0848-4467-A019-DB01D9943F0A"},"geometry":"BAFCD7BD-9F2C-4431-AEEE-AA9B5C540284","material":"62016D81-3240-4ED3-A5BE-B020E3AB2D02"},{"uuid":"4942B0A6-19BB-4CD4-B1E8-7A0AF1CF9C26","objectType":"Mesh3D","name":"Cube copy","matrix":[2.220446049250313e-16,-1,-2.220446049250313e-16,0,0,2.220446049250313e-16,-1,0,1,2.220446049250313e-16,0,0,166.7057805065964,75.61779022258679,247.10724668262986,1],"castShadow":true,"receiveShadow":true,"layers":1,"hiddenMatrix":[-1.586283326934157e-17,0.07142704415090158,0,0,3.199164251646701,7.102298282720257e-16,0,0,0,0,2.4525305071736647,0,-342.3304734496404,139.54005205203802,-395.5404461596252,1],"interaction":{"uuid":"D62D7BC7-EE21-4D16-811E-D2903C6FD918"},"geometry":"F8E57BF7-A7C7-422E-8862-932FD5AB2EEA","material":"552C24BA-E8CD-4B0E-A009-AF8BEB4F3773"},{"uuid":"68660435-9DAF-4893-BB82-039B82DD6DC9","objectType":"Mesh3D","name":"Cube copy","matrix":[2.220446049250313e-16,0,-1,0,0,1,0,0,1,0,2.220446049250313e-16,0,166.67915853164084,49.58480633524573,160.23678693387063,1],"castShadow":true,"receiveShadow":true,"layers":1,"hiddenMatrix":[-1.586283326934157e-17,0.07142704415090158,0,0,3.199164251646701,7.102298282720257e-16,0,0,0,0,2.4525305071736647,0,-342.3304734496404,139.54005205203802,-395.5404461596252,1],"interaction":{"uuid":"CB1EA437-922B-4D37-A2A5-77D1D84A588A"},"geometry":"7DDE33B7-3BC3-4431-8941-1F2250F933BB","material":"6D6C828D-9CA0-4300-B7EA-6E91CBBAE2F7"},{"uuid":"4A89A0EB-65BF-4B79-8131-C972FBA540F5","objectType":"Mesh3D","name":"Cube 6","matrix":[2.220446049250313e-16,0,-1,0,0,1,0,0,1,0,2.220446049250313e-16,0,14.778655593771418,76.13579731304438,159.1072466826298,1],"castShadow":true,"receiveShadow":true,"layers":1,"hiddenMatrix":[-1.586283326934157e-17,0.07142704415090158,0,0,3.199164251646701,7.102298282720257e-16,0,0,0,0,2.4525305071736647,0,-342.3304734496404,139.54005205203802,-395.5404461596252,1],"interaction":{"uuid":"63D2B2B5-CB55-42A5-A3B5-94A2425EE526"},"geometry":"DDB69405-E9EA-449D-9C6F-8B56AAD36E1E","material":"1E706595-F01A-4632-AC1F-8811974A6A6F"},{"uuid":"1141DEE6-FC97-439C-936B-6A1B267D53C0","objectType":"Mesh3D","name":"Cube copy","matrix":[2.220446049250313e-16,0,-1,0,0,1,0,0,1,0,2.220446049250313e-16,0,166.7676444928909,101.13579731304426,160.23678693387066,1],"castShadow":true,"receiveShadow":true,"layers":1,"hiddenMatrix":[-1.586283326934157e-17,0.07142704415090158,0,0,3.199164251646701,7.102298282720257e-16,0,0,0,0,2.4525305071736647,0,-342.3304734496404,139.54005205203802,-395.5404461596252,1],"interaction":{"uuid":"56C19470-AD4B-4766-93D7-CDBCD85EAFB6"},"geometry":"7257157C-62C2-412C-AE77-57A723E6A199","material":"1B25A13F-C050-44E6-AD2A-2FCE380FD8B4"},{"uuid":"D4490C21-FFD2-4684-BD55-787A4456A7DC","objectType":"Mesh3D","name":"Cylinder 7","matrix":[4.440892098500627e-16,-1.9428902930940244e-16,1.0000000000000002,0,-0.37460659341591157,0.9271838545667868,3.608224830031756e-16,0,0.9271838545667874,0.37460659341591185,-4.440892098500626e-16,0,-27.76726832013322,50.20836588675159,155,1],"castShadow":true,"receiveShadow":true,"layers":1,"hiddenMatrix":[2.967001180050638,0,0,0,0,2.966469334422474,0,0,0,0,2.972939009858087,0,-247.36941004530732,-4.765652104565731,-457.6593966299948,1],"interaction":{"uuid":"89E0E0E3-8D7F-40F8-9F85-92ABA70DD187"},"geometry":"D794BA6F-38F2-41AB-B135-DE1C2271F526","material":"3F2A3D96-BE70-4BD5-ACFE-C6154CA659E6"},{"uuid":"56381369-CB95-40FC-98BC-8ED99F773EF5","objectType":"Mesh3D","name":"Cylinder 6","matrix":[0.8829475928589239,-0.4694715627858891,0,0,0.4694715627858891,0.8829475928589239,0,0,0,0,1,0,-79.73283119603707,-66.22447883443611,156.16608321898653,1],"castShadow":true,"receiveShadow":true,"layers":1,"hiddenMatrix":[2.967001180050638,0,0,0,0,2.966469334422474,0,0,0,0,2.972939009858087,0,-247.36941004530732,-4.765652104565731,-457.6593966299948,1],"interaction":{"uuid":"4593918F-2D4D-45ED-9BC4-786C70D5DF39"},"geometry":"94A3DF8F-50D9-4FE4-8467-59A9623114FC","material":"50FBA896-4722-49AE-B025-3CA0092DEA8B"},{"uuid":"66069AA9-7337-40D4-BBD4-826325A66AA5","objectType":"Mesh3D","name":"Cube 5","matrix":[2.220446049250313e-16,-1,-2.220446049250313e-16,0,0,2.220446049250313e-16,-1,0,1,2.220446049250313e-16,0,0,234.66633656393424,19.983443271910595,66.82706937731416,1],"castShadow":true,"receiveShadow":true,"layers":1,"hiddenMatrix":[2.967001180050638,0,0,0,0,2.966469334422474,0,0,0,0,2.972939009858087,0,-247.36941004530732,-4.765652104565731,-457.6593966299948,1],"interaction":{"uuid":"CFD12921-2521-4416-A0B9-93A78054AAF1"},"geometry":"E8F32CDB-A16E-42FC-83AC-0A266289876B","material":"2268F99B-D290-4C41-9EEB-75159C58681A"},{"uuid":"8CB71420-7127-41C0-9AF0-AF8DFDAA4233","objectType":"Mesh3D","name":"Cube 4","matrix":[2.220446049250313e-16,-1,-2.220446049250313e-16,0,0,2.220446049250313e-16,-1,0,1,2.220446049250313e-16,0,0,234.61510854244233,19.983443271910573,240.39093589767816,1],"castShadow":true,"receiveShadow":true,"layers":1,"hiddenMatrix":[2.967001180050638,0,0,0,0,2.966469334422474,0,0,0,0,2.972939009858087,0,-247.36941004530732,-4.765652104565731,-457.6593966299948,1],"interaction":{"uuid":"828C2AFF-F4DE-4DB6-9936-2645E88D9C07"},"geometry":"7159FCFC-7975-45DB-B637-A79CA76FA793","material":"D739B433-7417-463E-AF9B-5C9ADE9FDD4B"},{"uuid":"2A28EA91-2269-4C65-A0AB-B164ADC70BD6","objectType":"Mesh3D","name":"Cube 3","matrix":[2.220446049250313e-16,0,-1,0,0,1,0,0,1,0,2.220446049250313e-16,0,234.5884865674867,-6.04954061543048,154.05640560311676,1],"castShadow":true,"receiveShadow":true,"layers":1,"hiddenMatrix":[2.967001180050638,0,0,0,0,2.966469334422474,0,0,0,0,2.972939009858087,0,-247.36941004530732,-4.765652104565731,-457.6593966299948,1],"interaction":{"uuid":"45D49D55-9A95-4C55-8FBE-08070F1B70DA"},"geometry":"77B1E0C8-0978-4DCB-8A3D-E0E63E7DA4B2","material":"7B53153C-17B8-4F57-94C2-7A01E07713A6"},{"uuid":"BC30A2A7-EC64-4AFA-BE58-E662BA53A745","objectType":"Mesh3D","name":"Cube 2","matrix":[2.220446049250313e-16,0,-1,0,0,1,0,0,1,0,2.220446049250313e-16,0,234.67697252873705,45.501450362368054,154.0564056031168,1],"castShadow":true,"receiveShadow":true,"layers":1,"hiddenMatrix":[2.967001180050638,0,0,0,0,2.966469334422474,0,0,0,0,2.972939009858087,0,-247.36941004530732,-4.765652104565731,-457.6593966299948,1],"interaction":{"uuid":"FA2E795A-FEEC-4660-B474-FE40DA7C1F4D"},"geometry":"968F0E75-9B7B-4890-AC72-5EF318D4716F","material":"A91EC534-2E8F-4E00-BC9A-2D6A06D3FEE9"},{"uuid":"1B1EFAD2-9F91-4272-A831-55741182690E","objectType":"EmptyObject","name":"Empty Object","matrix":[1,0,0,0,0,1,0,0,0,0,1,0,124.9289242353105,19.483443271910602,154.0015572585271,1],"layers":1,"hiddenMatrix":[2.967001180050638,0,0,0,0,2.966469334422474,0,0,0,0,2.972939009858087,0,-247.36941004530732,-4.765652104565731,-457.6593966299948,1],"interaction":{"uuid":"8398E73B-CF52-4952-90F1-17A1134D5B79"},"enableHelper":true},{"uuid":"D4BF81BC-CE6B-43E7-B6E1-12E038EDD59B","objectType":"EmptyObject","name":"Empty Object 2","matrix":[1,0,0,0,0,1,0,0,0,0,1,0,124.9289242353105,19.483443271910602,154.0015572585271,1],"layers":1,"hiddenMatrix":[2.967001180050638,0,0,0,0,2.966469334422474,0,0,0,0,2.972939009858087,0,-247.36941004530732,-4.765652104565731,-457.6593966299948,1],"interaction":{"uuid":"79122447-F6DE-42A7-A036-60D053841F5E"},"enableHelper":true},{"uuid":"32D066F5-F053-4D12-B7A7-435CEA5B5EBB","objectType":"Mesh3D","name":"Cylinder","matrix":[-1,0,0,0,0,2.220446049250313e-16,-1,0,0,1,2.220446049250313e-16,0,-21.146359062114016,20.001450362368054,153.9467089139374,1],"castShadow":true,"receiveShadow":true,"layers":1,"hiddenMatrix":[2.967001180050638,0,0,0,0,2.966469334422474,0,0,0,0,2.972939009858087,0,-247.36941004530732,-4.765652104565731,-457.6593966299948,1],"interaction":{"uuid":"FFD34FE7-DB7E-4F31-B787-000DDCA4B052"},"geometry":"A63873F3-A067-4B12-8673-2D42AF3A3C07","material":"125F5D96-39C9-4850-B2FB-031F23D169DD"},{"uuid":"5F8F0E59-8FC2-42AE-AABC-38E2B631F297","objectType":"Mesh3D","name":"Cylinder 3","matrix":[2.220446049250313e-16,1,1.2246467991473532e-16,0,1,-2.220446049250313e-16,-2.465190328815662e-32,0,0,1.2246467991473532e-16,-1,0,300.17682046894333,19.483444213867188,106.40216584571544,1],"castShadow":true,"receiveShadow":true,"layers":1,"hiddenMatrix":[2.967001180050638,0,0,0,0,2.966469334422474,0,0,0,0,2.972939009858087,0,-247.36941004530732,-4.765652104565731,-457.6593966299948,1],"interaction":{"uuid":"5B45E0DB-53F4-4D65-94C0-CAB44232D3F0"},"geometry":"CF2C3710-DC61-437C-ABAE-09197F62795A","material":"545F8C1D-AE09-47BB-80BF-374661C2E9CC"},{"uuid":"D8828A45-4193-4A27-8F5C-ED45D310E40B","objectType":"Mesh3D","name":"Cylinder 5","matrix":[2.220446049250313e-16,1,1.2246467991473532e-16,0,1,-2.220446049250313e-16,-2.465190328815662e-32,0,0,1.2246467991473532e-16,-1,0,300.1768204689448,19.483444213867188,202.74176550566827,1],"castShadow":true,"receiveShadow":true,"layers":1,"hiddenMatrix":[2.967001180050638,0,0,0,0,2.966469334422474,0,0,0,0,2.972939009858087,0,-247.36941004530732,-4.765652104565731,-457.6593966299948,1],"interaction":{"uuid":"035D1FCC-B5DB-471D-84DC-55B39935C062"},"geometry":"784AC46B-B2C8-431A-B532-B54ADC45A3BE","material":"E09872CE-EE17-449A-8824-B9508531F008"},{"uuid":"F6EC9201-2635-4CCC-8C06-396C73C18719","objectType":"Mesh3D","name":"Cube","matrix":[1,0,0,0,0,1,0,0,0,0,1,0,139.353640937886,20.001450362368054,153.94670891393744,1],"castShadow":true,"receiveShadow":true,"layers":1,"hiddenMatrix":[2.967001180050638,0,0,0,0,2.966469334422474,0,0,0,0,2.972939009858087,0,-247.36941004530732,-4.765652104565731,-457.6593966299948,1],"interaction":{"uuid":"4CFB62D3-897A-478E-94F6-2A17EF013161"},"geometry":"DCA498C7-9E29-4D13-944A-099E10385785","material":"ED331364-822F-401C-A71C-9B4B7ABE4C6A"},{"uuid":"84FB6838-9A80-4D5B-990C-824EAEB3C4C2","objectType":"Mesh3D","name":"Cylinder 4","matrix":[2.220446049250313e-16,1,1.2246467991473532e-16,0,1,-2.220446049250313e-16,-2.465190328815662e-32,0,0,1.2246467991473532e-16,-1,0,299.89898681640625,19.483444213867188,152.58439089171694,1],"castShadow":true,"receiveShadow":true,"layers":1,"hiddenMatrix":[2.967001180050638,0,0,0,0,2.966469334422474,0,0,0,0,2.972939009858087,0,-247.36941004530732,-4.765652104565731,-457.6593966299948,1],"interaction":{"uuid":"6DE5813A-B884-46A4-93E1-1B17261C50A9"},"geometry":"8A2A34EC-87F4-48AE-8CAC-AF0422D1463B","material":"CC9AD155-3E84-40D3-98B5-BB0AC7D2E0BD"},{"uuid":"389EF3F9-833C-4823-B689-0261CFD85D25","objectType":"Mesh3D","name":"Sphere 3","matrix":[2.220446049250502e-16,0,-1.000000000000085,0,-1.570092458683775e-16,1,-2.465190328815662e-32,0,0.9999999999999998,1.5700924586837747e-16,2.2204460492503126e-16,0,314.53899856492893,19.287559235368384,106.40216584571544,1],"castShadow":true,"receiveShadow":true,"layers":1,"hiddenMatrix":[2.967001180050638,0,0,0,0,2.966469334422474,0,0,0,0,2.972939009858087,0,-247.36941004530732,-4.765652104565731,-457.6593966299948,1],"interaction":{"uuid":"F3E564BE-0354-4F99-A622-3154094A09C8"},"geometry":"9F01E2D4-797D-4B2C-B780-84C4752D2552","material":"0C36E611-CDA3-4E27-9AE9-4DDB495ACFD8"},{"uuid":"77A38B0D-7575-4BFF-8712-8EB6AE59709E","objectType":"Mesh3D","name":"Sphere 2","matrix":[2.220446049250502e-16,0,-1.000000000000085,0,-1.570092458683775e-16,1,-2.465190328815662e-32,0,0.9999999999999998,1.5700924586837747e-16,2.2204460492503126e-16,0,313.8677020605507,19.287559235368377,202.74176550566824,1],"castShadow":true,"receiveShadow":true,"layers":1,"hiddenMatrix":[2.967001180050638,0,0,0,0,2.966469334422474,0,0,0,0,2.972939009858087,0,-247.36941004530732,-4.765652104565731,-457.6593966299948,1],"interaction":{"uuid":"D36C3A41-00CC-46DF-BFFF-7841B6539E45"},"geometry":"9E8D7A4C-2242-4A18-87C2-D5177834EF33","material":"878E595D-AB86-4C15-BB58-D936E2D2A252"},{"uuid":"5D675ECC-5BE3-4828-8373-6D65E0B530BD","objectType":"Mesh3D","name":"Sphere","matrix":[2.220446049250502e-16,0,-1.000000000000085,0,-1.570092458683775e-16,1,-2.465190328815662e-32,0,0.9999999999999998,1.5700924586837747e-16,2.2204460492503126e-16,0,314.54117669551187,18.91585590092521,152.6440468272944,1],"castShadow":true,"receiveShadow":true,"layers":1,"hiddenMatrix":[2.967001180050638,0,0,0,0,2.966469334422474,0,0,0,0,2.972939009858087,0,-247.36941004530732,-4.765652104565731,-457.6593966299948,1],"interaction":{"uuid":"B7C27384-D0CE-4D51-A0EC-50854C6B8F72"},"geometry":"A4603B6C-1404-49D3-B922-28A266025642","material":"4761AB38-6FF2-44D0-B3FA-56D10FF0AB06"}],"hiddenMatrix":[0.23292240607558565,0,0,0,0,0.23297872340425535,0,0,0,0,0.23269689737470167,0,681.6350109161087,-157.49243765305164,1038.9402763731491,1],"interaction":{"uuid":"43E61ED9-9B49-43D0-86DE-7A6A5B017617","events":[{"type":9,"ui":{"isCollapsed":true},"distance":1200,"targets":[{"easing":4,"duration":1000,"delay":0,"cubicControls":[0.5,0.05,0.1,0.3],"springParameters":{"mass":1,"stiffness":80,"damping":10,"velocity":0},"object":"5FC73517-E87D-45B4-B863-763F9E0603C4"}]}]},"enableHelper":true},{"uuid":"7E84F520-7D11-4467-83AB-7EA525BF1F50","objectType":"CombinedCamera","name":"Default Camera","matrix":[0.9998747609795304,-5.421010862427521e-20,-0.01582600253148209,0,-0.00025046235612645365,0.9998747609795303,-0.015824020498425587,0,0.015824020498427103,0.015826002531480577,0.9997495376438733,0,15.824020503407779,15.826002457583533,999.74953297443,1],"layers":1,"children":[{"uuid":"3944D0DD-C43C-47F1-90B5-D08464402147","type":"DirectionalLight","name":"Default Directional Light","layers":1,"matrix":[1,0,0,0,0,1,0,0,0,0,1,0,850000,1300000,1000000,1],"color":16711591,"intensity":0.75,"shadow":{"camera":{"uuid":"25693ED1-FEF5-4D88-A0BD-17A9F164A359","type":"OrthographicCamera","layers":1,"zoom":1,"left":-5,"right":5,"top":5,"bottom":-5,"near":0.5,"far":500}}}],"hiddenMatrix":[1,0,0,0,0,1,0,0,0,0,1,0,0,0,0,1],"interaction":{"uuid":"55F1795E-75D9-45B5-8D4D-E14D90DFD030"},"enableHelper":false,"cameraType":"OrthographicCamera","targetOffset":1000,"left":-768,"right":768,"top":397,"bottom":-397,"zoomOrtho":1,"nearOrtho":-50000,"far":50000,"aspect":1.9345088161209067,"fov":45,"focus":10,"filmGauge":35,"filmOffset":0,"zoomPersp":1,"nearPersp":50},{"uuid":"2401858D-8215-458D-9B17-6F8E9A0CD44E","type":"HemisphereLight","name":"Default Ambient Light","layers":1,"matrix":[1,0,0,0,0,1,0,0,0,0,1,0,0,1,0,1],"color":9568128,"intensity":0.75,"groundColor":8553090}],"activeCamera":"7E84F520-7D11-4467-83AB-7EA525BF1F50","camera":"7E84F520-7D11-4467-83AB-7EA525BF1F50","directionalLight":"3944D0DD-C43C-47F1-90B5-D08464402147","ambientLight":"2401858D-8215-458D-9B17-6F8E9A0CD44E","color":[0.09803921568627451,0.09803921568627451,0.09803921568627451],"alpha":1,"fog":{"type":"Fog","color":1644825,"near":270,"far":1000},"enableFog":true,"directionalLightState":true,"ambientLightState":true,"canvas":{"mode":1,"size":{"width":512,"height":512},"fullScreen":true}},"metadata":{"version":1.4,"type":"Object","generator":"Object3D.toJSON"},"geometries":[{"uuid":"0454B83B-0506-4A41-B3CC-DD6327305036","userData":{"parameters":{"width":271,"depth":0,"spikes":128,"angle":360,"innerRadius":0,"height":156},"type":"EllipseGeometry"}},{"uuid":"7B1DBFFC-4B96-4CA0-B6DB-A4A7AF4ED85F","userData":{"parameters":{"width":313,"radialSegments":111,"tubularSegments":3,"arc":6.283185307179586,"cornerRadius":20,"cornerSegments":9,"height":180,"depth":52},"type":"TorusGeometry"}},{"uuid":"CC9F96E1-C478-4000-988C-28BFF5E96A44","userData":{"parameters":{"width":46,"radialSegments":64,"heightSegments":1,"openEnded":false,"thetaStart":0,"thetaLength":360,"cornerRadius":119,"cornerSegments":8,"hollow":0,"height":102,"depth":46,"radiusTop":23,"radiusBottom":23},"type":"CylinderGeometry"}},{"uuid":"90A55037-6545-4C68-B3A8-DF46D7247845","userData":{"parameters":{"width":49,"widthSegments":64,"heightSegments":64,"phiStart":0,"phiLength":6.283185307179586,"thetaStart":0,"thetaLength":3.141592653589793,"height":49,"depth":49},"type":"SphereGeometry"}},{"uuid":"441D6680-82F5-46C7-81B2-4426C554B183","userData":{"parameters":{"width":49,"widthSegments":64,"heightSegments":64,"phiStart":0,"phiLength":6.283185307179586,"thetaStart":0,"thetaLength":3.141592653589793,"height":49,"depth":49},"type":"SphereGeometry"}},{"uuid":"8EF5B5B9-00CA-4A9C-8AEA-B80033DC5A85","userData":{"parameters":{"width":218,"widthSegments":64,"heightSegments":64,"phiStart":0,"phiLength":6.283185307179586,"thetaStart":0,"thetaLength":3.141592653589793,"height":218,"depth":130},"type":"SphereGeometry"}},{"uuid":"4A921268-C6BF-44EE-B096-BBBE7088EE68","userData":{"parameters":{"width":218,"widthSegments":64,"heightSegments":64,"phiStart":0,"phiLength":6.283185307179586,"thetaStart":0,"thetaLength":3.141592653589793,"height":218,"depth":112},"type":"SphereGeometry"}},{"uuid":"F7797C56-45CF-429B-8BE3-986BF1EFF608","userData":{"parameters":{"width":159,"widthSegments":64,"heightSegments":64,"phiStart":0,"phiLength":6.283185307179586,"thetaStart":0,"thetaLength":3.141592653589793,"height":171,"depth":66},"type":"SphereGeometry"}},{"uuid":"1C3A68EA-6776-4F33-85EC-CF9ADFDC52D9","userData":{"parameters":{"width":159,"widthSegments":64,"heightSegments":64,"phiStart":0,"phiLength":6.283185307179586,"thetaStart":0,"thetaLength":3.141592653589793,"height":171,"depth":66},"type":"SphereGeometry"}},{"uuid":"8D15C0A6-C333-42BA-9321-09964384630D","userData":{"parameters":{"width":779,"widthSegments":64,"heightSegments":64,"phiStart":0,"phiLength":6.283185307179586,"thetaStart":0,"thetaLength":3.141592653589793,"height":462,"depth":740},"type":"SphereGeometry"}},{"uuid":"E4606700-8A17-40CC-882B-4F6874CC509E","userData":{"parameters":{"width":803,"widthSegments":64,"heightSegments":64,"phiStart":0,"phiLength":6.283185307179586,"thetaStart":0,"thetaLength":3.141592653589793,"height":871,"depth":803},"type":"SphereGeometry"}},{"uuid":"3D3B505A-0182-4103-944B-CAD3E61E76A3","userData":{"parameters":{"width":4710,"depth":0,"cornerRadius":[0,0,0,0],"cornerType":1,"extrudeDepth":0,"extrudeBevelSize":0,"extrudeBevelSegments":1,"height":4700},"ui":{"enabledIndieCorners":false},"type":"RectangleGeometry"}},{"uuid":"BFCEBA83-4B83-4D73-B981-6E6D2099058E","userData":{"parameters":{"width":215,"radialSegments":64,"heightSegments":1,"openEnded":false,"thetaStart":0,"thetaLength":360,"cornerRadius":128,"cornerSegments":24,"hollow":0,"height":465,"depth":215,"radiusTop":107.5,"radiusBottom":107.5},"type":"CylinderGeometry"}},{"uuid":"AB65EE3B-423E-4DD5-B7D7-FB1574FAA3FA","userData":{"parameters":{"width":230,"radialSegments":52,"heightSegments":2,"openEnded":false,"thetaStart":0,"thetaLength":360,"cornerRadius":46,"cornerSegments":5,"hollow":0.88,"height":50,"depth":230,"radiusTop":115,"radiusBottom":115},"type":"CylinderGeometry"}},{"uuid":"BAFCD7BD-9F2C-4431-AEEE-AA9B5C540284","userData":{"parameters":{"width":57,"widthSegments":1,"heightSegments":1,"depthSegments":1,"cornerRadius":0,"cornerSegments":8,"height":6,"depth":180},"type":"CubeGeometry"}},{"uuid":"F8E57BF7-A7C7-422E-8862-932FD5AB2EEA","userData":{"parameters":{"width":57,"widthSegments":1,"heightSegments":1,"depthSegments":1,"cornerRadius":0,"cornerSegments":8,"height":7,"depth":180},"type":"CubeGeometry"}},{"uuid":"7DDE33B7-3BC3-4431-8941-1F2250F933BB","userData":{"parameters":{"width":180,"widthSegments":1,"heightSegments":1,"depthSegments":1,"cornerRadius":0,"cornerSegments":8,"height":6,"depth":180},"type":"CubeGeometry"}},{"uuid":"DDB69405-E9EA-449D-9C6F-8B56AAD36E1E","userData":{"parameters":{"width":169,"widthSegments":1,"heightSegments":1,"depthSegments":1,"cornerRadius":0,"cornerSegments":8,"height":50,"depth":180},"type":"CubeGeometry"}},{"uuid":"7257157C-62C2-412C-AE77-57A723E6A199","userData":{"parameters":{"width":180,"widthSegments":1,"heightSegments":1,"depthSegments":1,"cornerRadius":0,"cornerSegments":8,"height":7,"depth":180},"type":"CubeGeometry"}},{"uuid":"D794BA6F-38F2-41AB-B135-DE1C2271F526","userData":{"parameters":{"width":52,"radialSegments":64,"heightSegments":1,"openEnded":false,"thetaStart":0,"thetaLength":360,"cornerRadius":0,"cornerSegments":8,"hollow":0,"height":26,"depth":52,"radiusTop":26,"radiusBottom":26},"type":"CylinderGeometry"}},{"uuid":"94A3DF8F-50D9-4FE4-8467-59A9623114FC","userData":{"parameters":{"width":66,"radialSegments":64,"heightSegments":1,"openEnded":false,"thetaStart":0,"thetaLength":360,"cornerRadius":128,"cornerSegments":8,"hollow":0,"height":209,"depth":80,"radiusTop":19.038461538461558,"radiusBottom":33},"type":"CylinderGeometry"}},{"uuid":"E8F32CDB-A16E-42FC-83AC-0A266289876B","userData":{"parameters":{"width":57,"widthSegments":1,"heightSegments":1,"depthSegments":1,"cornerRadius":0,"cornerSegments":8,"height":6,"depth":180},"type":"CubeGeometry"}},{"uuid":"7159FCFC-7975-45DB-B637-A79CA76FA793","userData":{"parameters":{"width":57,"widthSegments":1,"heightSegments":1,"depthSegments":1,"cornerRadius":0,"cornerSegments":8,"height":7,"depth":180},"type":"CubeGeometry"}},{"uuid":"77B1E0C8-0978-4DCB-8A3D-E0E63E7DA4B2","userData":{"parameters":{"width":180,"widthSegments":1,"heightSegments":1,"depthSegments":1,"cornerRadius":0,"cornerSegments":8,"height":6,"depth":180},"type":"CubeGeometry"}},{"uuid":"968F0E75-9B7B-4890-AC72-5EF318D4716F","userData":{"parameters":{"width":180,"widthSegments":1,"heightSegments":1,"depthSegments":1,"cornerRadius":0,"cornerSegments":8,"height":7,"depth":180},"type":"CubeGeometry"}},{"uuid":"A63873F3-A067-4B12-8673-2D42AF3A3C07","userData":{"parameters":{"width":58,"radialSegments":64,"heightSegments":1,"openEnded":false,"thetaStart":0,"thetaLength":360,"cornerRadius":0,"cornerSegments":8,"hollow":0,"height":180,"depth":58,"radiusTop":29,"radiusBottom":29},"type":"CylinderGeometry"}},{"uuid":"CF2C3710-DC61-437C-ABAE-09197F62795A","userData":{"parameters":{"width":33,"radialSegments":64,"heightSegments":1,"openEnded":false,"thetaStart":0,"thetaLength":360,"cornerRadius":0,"cornerSegments":8,"hollow":0.73,"height":32,"depth":33,"radiusTop":16.5,"radiusBottom":16.5},"type":"CylinderGeometry"}},{"uuid":"784AC46B-B2C8-431A-B532-B54ADC45A3BE","userData":{"parameters":{"width":33,"radialSegments":64,"heightSegments":1,"openEnded":false,"thetaStart":0,"thetaLength":360,"cornerRadius":0,"cornerSegments":8,"hollow":0.73,"height":32,"depth":33,"radiusTop":16.5,"radiusBottom":16.5},"type":"CylinderGeometry"}},{"uuid":"DCA498C7-9E29-4D13-944A-099E10385785","userData":{"parameters":{"width":321,"widthSegments":1,"heightSegments":1,"depthSegments":1,"cornerRadius":0,"cornerSegments":8,"height":58,"depth":180},"type":"CubeGeometry"}},{"uuid":"8A2A34EC-87F4-48AE-8CAC-AF0422D1463B","userData":{"parameters":{"width":33,"radialSegments":64,"heightSegments":1,"openEnded":false,"thetaStart":0,"thetaLength":360,"cornerRadius":0,"cornerSegments":8,"hollow":0.73,"height":32,"depth":33,"radiusTop":16.5,"radiusBottom":16.5},"type":"CylinderGeometry"}},{"uuid":"9F01E2D4-797D-4B2C-B780-84C4752D2552","userData":{"parameters":{"width":25,"widthSegments":64,"heightSegments":64,"phiStart":0,"phiLength":6.283185307179586,"thetaStart":0,"thetaLength":3.141592653589793,"height":24,"depth":10},"type":"SphereGeometry"}},{"uuid":"9E8D7A4C-2242-4A18-87C2-D5177834EF33","userData":{"parameters":{"width":25,"widthSegments":64,"heightSegments":64,"phiStart":0,"phiLength":6.283185307179586,"thetaStart":0,"thetaLength":3.141592653589793,"height":24,"depth":10},"type":"SphereGeometry"}},{"uuid":"A4603B6C-1404-49D3-B922-28A266025642","userData":{"parameters":{"width":25,"widthSegments":64,"heightSegments":64,"phiStart":0,"phiLength":6.283185307179586,"thetaStart":0,"thetaLength":3.141592653589793,"height":24,"depth":10},"type":"SphereGeometry"}}],"materials":[{"uuid":"2DF836AC-D64F-4F78-B507-9E0E18FCF67A","type":"MeshPhongMaterial","color":0,"emissive":0,"specular":1118481,"shininess":30,"side":2,"transparent":true,"depthFunc":3,"depthTest":true,"depthWrite":true,"stencilWrite":false,"stencilWriteMask":255,"stencilFunc":519,"stencilRef":0,"stencilFuncMask":255,"stencilFail":7680,"stencilZFail":7680,"stencilZPass":7680,"userData":{"type":"BasicMaterial","category":"Basic","layers":{"id":2,"uuid":"5EF92D7D-3C0D-475D-8447-E2C29809FD53","head":{"id":0,"type":"color","defines":{},"uniforms":{"f0_alpha":{"value":1},"f0_mode":{"value":0},"f0_color":{"value":0}},"next":{"id":1,"type":"light","defines":{},"uniforms":{"f1_alpha":{"value":1},"f1_mode":{"value":0}}}}}}},{"uuid":"849B078A-5C76-4818-8747-1851E4FAA53B","type":"MeshPhysicalMaterial","color":5855577,"roughness":0.3,"metalness":0,"emissive":0,"clearcoat":0,"clearcoatRoughness":0,"transparent":true,"depthFunc":3,"depthTest":true,"depthWrite":true,"stencilWrite":false,"stencilWriteMask":255,"stencilFunc":519,"stencilRef":0,"stencilFuncMask":255,"stencilFail":7680,"stencilZFail":7680,"stencilZPass":7680,"userData":{"type":"PhysicalMaterial","category":"Physical","layers":{"id":2,"uuid":"81C95A57-7D13-4B23-9337-F5BD38F1C802","head":{"id":0,"type":"color","defines":{},"uniforms":{"f0_alpha":{"value":1},"f0_mode":{"value":0},"f0_color":{"value":9272429}},"next":{"id":1,"type":"light","defines":{},"uniforms":{"f1_alpha":{"value":1},"f1_mode":{"value":0}}}}}}},{"uuid":"E53519D4-9BA2-4136-8FE3-7F252B494086","type":"MeshPhongMaterial","color":14598824,"emissive":0,"specular":1118481,"shininess":30,"transparent":true,"depthFunc":3,"depthTest":true,"depthWrite":true,"stencilWrite":false,"stencilWriteMask":255,"stencilFunc":519,"stencilRef":0,"stencilFuncMask":255,"stencilFail":7680,"stencilZFail":7680,"stencilZPass":7680,"userData":{"type":"PhongMaterial","category":"Phong","layers":{"id":2,"uuid":"B5C899A1-415C-4CC5-8813-69E05AB70888","head":{"id":0,"type":"color","defines":{},"uniforms":{"f0_alpha":{"value":1},"f0_mode":{"value":0},"f0_color":{"value":14598824}},"next":{"id":1,"type":"light","defines":{},"uniforms":{"f1_alpha":{"value":1},"f1_mode":{"value":0}}}}}}},{"uuid":"4EB4A369-FA3A-4465-A88C-F578F9283261","type":"MeshPhysicalMaterial","color":5855577,"roughness":0.3,"metalness":0,"emissive":0,"clearcoat":0,"clearcoatRoughness":0,"transparent":true,"depthFunc":3,"depthTest":true,"depthWrite":true,"stencilWrite":false,"stencilWriteMask":255,"stencilFunc":519,"stencilRef":0,"stencilFuncMask":255,"stencilFail":7680,"stencilZFail":7680,"stencilZPass":7680,"userData":{"type":"PhysicalMaterial","category":"Physical","layers":{"id":2,"uuid":"59B65142-C6A9-4C9D-9F34-51D07BE1D9F3","head":{"id":0,"type":"color","defines":{},"uniforms":{"f0_alpha":{"value":1},"f0_mode":{"value":0},"f0_color":{"value":0}},"next":{"id":1,"type":"light","defines":{},"uniforms":{"f1_alpha":{"value":1},"f1_mode":{"value":0}}}}}}},{"uuid":"9711E4A3-4171-4631-A1AC-C0A38D79E355","type":"MeshPhysicalMaterial","color":5855577,"roughness":0.3,"metalness":0,"emissive":0,"clearcoat":0,"clearcoatRoughness":0,"transparent":true,"dept